# 14.基本统计分析

## 描述性统计分析

介绍**连续型变量**的**中心趋势**、**变化性**、**分布形状**

可以使用**函数summary()**、函数apply()或sapply()、Hmisc包的函数describe()、pastecs包的函数stat.desc()、psych包的函数describe()

```
> myvars <- c("mpg", "hp", "wt")
> summary(mtcars[myvars])
      mpg              hp              wt       
 Min.   :10.40   Min.   : 52.0   Min.   :1.513  
 1st Qu.:15.43   1st Qu.: 96.5   1st Qu.:2.581  
 Median :19.20   Median :123.0   Median :3.325  
 Mean   :20.09   Mean   :146.7   Mean   :3.217  
 3rd Qu.:22.80   3rd Qu.:180.0   3rd Qu.:3.610  
 Max.   :33.90   Max.   :335.0   Max.   :5.424 
```

还可以使用**函数sapply()**，

```
mystats <- function (x, na.omit=FALSE){
  if (na.omit)
    x <- x[!is.na(x)]
  m <- mean(x)
  n <- length(x)
  s <- sd(x)
  skew <- sum((x-m)^3/s^3)/n
  kurt <- sum((x-m)^4/s^4)/n -3
  return(c(n=n, mean=m, stdev=s, skew=skew, kurtosis=kurt))
}
> sapply(mtcars[myvars], mystats)
               mpg          hp          wt
n        32.000000  32.0000000 32.00000000
mean     20.090625 146.6875000  3.21725000
stdev     6.026948  68.5628685  0.97845744
skew      0.610655   0.7260237  0.42314646
kurtosis -0.372766  -0.1355511 -0.02271075
```



### 分组描述性统计量

使用函数aggregate()来分组获得描述性统计量（见4.R高级数据管理），但是函数aggregate()每次只能使用一个统计量函数。使用多个统计函数，可以使用**函数by()**：

```
by(data, INDICES, FUN)
```

参数说明：

- **data**：一个数据框或者矩阵
- **INDICES**：一个因子或因子组成的列表，定义了分组
- **FUN**：任意函数（可以是自定义函数）？

示例：

```
> dstats <- function (x)sapply(x, mystats)
> myvars <- c("mpg", "hp", "wt")
> by(mtcars[myvars], mtcars$am, dstats)
mtcars$am: 0
                 mpg           hp         wt
n        19.00000000  19.00000000 19.0000000
mean     17.14736842 160.26315789  3.7688947
stdev     3.83396639  53.90819573  0.7774001
skew      0.01395038  -0.01422519  0.9759294
kurtosis -0.80317826  -1.20969733  0.1415676
---------------------------------------------------------- 
mtcars$am: 1
                 mpg          hp         wt
n        13.00000000  13.0000000 13.0000000
mean     24.39230769 126.8461538  2.4110000
stdev     6.16650381  84.0623243  0.6169816
skew      0.05256118   1.3598859  0.2103128
kurtosis -1.45535200   0.5634635 -1.1737358
```

**扩展**：还可以使用**doBy包**中的**函数summaryBy()**和**psych包**中的**函数describe.by()**。

## 频数表和列联表

### 生成列联表、函数()

用于创建或处理列联表的函数：

| 函数                         | 描述                                            |
| ---------------------------- | ----------------------------------------------- |
| table(var1, var2, ..., varN) | 使用N个类别型变量（因子）创建N维列联表          |
| xtabs(formula, data)         | 根据一个公式和一个矩阵或数据框创建一个N维列联表 |
| prop.table(table, margin)    | 依margins定义的边际列表将表中条目表示为分数形式 |
| margin.table(table, margin)  | 依margins定义的边际列表计算表中条目的和         |
| addmargin(table, margin)     | 将概述边margins（默认是求和结果）放入表中       |
| ftable(table)                | 创建一个紧凑的“平铺”式列联表                    |

#### 一维列联表

使用函数table()生成简单的频数统计表：

```
> mytable <- with(arthritis, table(improved)) # 生成频数表
> mytable
improved
  None   Some Marked 
    42     14     28 
> prop.table(mytable) # 将频数转化为比例
improved
     None      Some    Marked 
0.5000000 0.1666667 0.3333333 
> prop.table(mytable) * 100 # 转化为百分比
improved
    None     Some   Marked 
50.00000 16.66667 33.33333 
```

#### 二维列联表

对于二维列联表，可以使用**函数table()**，格式：

```
mytable <- table(A, B)
```

其中A是行变量，B是列变量。

也可以使用**函数xtabs()**通过公式的输入创建列联表，格式

```
mytable <- xtabs(~A+B, data=mydata)
```

其中mydata是一个矩阵或数据框。若某个变量被写在公式的左侧，则其为一个频数向量

示例：

```
> mytable <- xtabs(~ treatment+improved, data=arthritis) # 生成列联表
> mytable
         improved
treatment None Some Marked
  Placebo   29    7      7
  Treated   13    7     21
> margin.table(mytable, 1) # 边际频数 下标1指代table()语句中的第一个变量treatment
treatment
Placebo Treated 
     43      41 
> prop.table(mytable, margin = 1) # 比例 第一个变量treatment(每行)和为1
         improved
treatment      None      Some    Marked
  Placebo 0.6744186 0.1627907 0.1627907
  Treated 0.3170732 0.1707317 0.5121951
> margin.table(mytable, margin = 2) # 下标2指代table()语句中的第二个变量improved
improved
  None   Some Marked 
    42     14     28 
> prop.table(mytable, margin = 2) # 2表示第二个变量improved(每列)和为1
         improved
treatment      None      Some    Marked
  Placebo 0.6904762 0.5000000 0.2500000
  Treated 0.3095238 0.5000000 0.7500000
> prop.table(mytable) # 各单元格所占比例 总和为1
         improved
treatment       None       Some     Marked
  Placebo 0.34523810 0.08333333 0.08333333
  Treated 0.15476190 0.08333333 0.25000000
> addmargins(mytable) # 为表格添加边际和
         improved
treatment None Some Marked Sum
  Placebo   29    7      7  43
  Treated   13    7     21  41
  Sum       42   14     28  84
> addmargins(prop.table(mytable)) # 使用函数addmargins()默认为表中所有变量创建边际和
         improved
treatment       None       Some     Marked        Sum
  Placebo 0.34523810 0.08333333 0.08333333 0.51190476
  Treated 0.15476190 0.08333333 0.25000000 0.48809524
  Sum     0.50000000 0.16666667 0.33333333 1.00000000
> addmargins(prop.table(mytable, 1), 2) # 对比
         improved
treatment      None      Some    Marked       Sum
  Placebo 0.6744186 0.1627907 0.1627907 1.0000000
  Treated 0.3170732 0.1707317 0.5121951 1.0000000
> addmargins(prop.table(mytable, 2), 1) # 对比
         improved
treatment      None      Some    Marked
  Placebo 0.6904762 0.5000000 0.2500000
  Treated 0.3095238 0.5000000 0.7500000
  Sum     1.0000000 1.0000000 1.0000000
```

还可以使用**gmodels包**中的**函数CrossTable()**来创建二维列联表，该函数有许多选项：计算（行、列、单元格）的百分比；指定小数位数；进行卡方、Fisher、McNemar独立性检验；计算期望和（皮尔逊、标准化、调整的标准化）残差；将缺失值作为一种有效值；进行行和列的标注；生成SAS和SPSS风格的输出。

#### 多维列联表

函数table()和函数xtabs()都可以生成多维列联表。函数prop.table()、margin.table()、 addmargin()也可以推广到高维情况。

```
> mytable <- xtabs(~treatment+sex+improved, data = arthritis) # 各单元格的频数
> mytable
, , improved = None

         sex
treatment Female Male
  Placebo     19   10
  Treated      6    7

, , improved = Some

         sex
treatment Female Male
  Placebo      7    0
  Treated      5    2

, , improved = Marked

         sex
treatment Female Male
  Placebo      6    1
  Treated     16    5

> ftable(mytable) # 形成一个紧凑的列联表
                 improved None Some Marked
treatment sex                             
Placebo   Female            19    7      6
          Male              10    0      1
Treated   Female             6    5     16
          Male               7    2      5
> margin.table(mytable, 1) # 关于Treatment边际频数
treatment
Placebo Treated 
     43      41 
> margin.table(mytable, 2)
sex
Female   Male 
    59     25 
> margin.table(mytable, c(1, 3))
         improved
treatment None Some Marked
  Placebo   29    7      7
  Treated   13    7     21
> ftable(prop.table(mytable, c(1, 2))) # 比例
                 improved       None       Some     Marked
treatment sex                                             
Placebo   Female          0.59375000 0.21875000 0.18750000
          Male            0.90909091 0.00000000 0.09090909
Treated   Female          0.22222222 0.18518519 0.59259259
          Male            0.50000000 0.14285714 0.35714286
> ftable(addmargins(prop.table(mytable, c(1, 2)), 3)) # 第3个变量不同 其他变量相同 的项 求和
                 improved       None       Some     Marked        Sum
treatment sex                                                        
Placebo   Female          0.59375000 0.21875000 0.18750000 1.00000000
          Male            0.90909091 0.00000000 0.09090909 1.00000000
Treated   Female          0.22222222 0.18518519 0.59259259 1.00000000
          Male            0.50000000 0.14285714 0.35714286 1.00000000
```

### 独立性检验

#### 卡方检验chisq.test()

只能对**二维**列联表的行变量和列变量进行检验

```
> mytable <- xtabs(~treatment+improved, data = arthritis)
> chisq.test(mytable) # p值<0.01 Treatment和Improved不独立

	Pearson's Chi-squared test

data:  mytable
X-squared = 13.055, df = 2, p-value = 0.001463

> mytable <- xtabs(~improved+sex, data = arthritis)
> chisq.test(mytable) # p值>0.05 Improved和Sex独立
Warning in chisq.test(mytable) :
  Chi-squared approximation may be incorrect

	Pearson's Chi-squared test

data:  mytable
X-squared = 4.8407, df = 2, p-value = 0.08889
```

#### Fisher精确检验Fisher.test()

Fisher精确检验的**原假设**是：边界固定的**（行、列数大于2的）二维**列联表中行变量和列变量是相互独立的。

```
> mytable <- xtabs(~treatment+improved, data = arthritis)
> fisher.test(mytable)

	Fisher's Exact Test for Count Data

data:  mytable
p-value = 0.001393
alternative hypothesis: two.sided
```

#### Cochran-Mantel-Haenszel检验mantelhaen.test()

**函数mantelhaen.test()**可以用来进行Cochran-Mantel-Haenszel卡方检验，其原假设为：两个名义变量在第三个变量的每一层中是条件独立的。此检验假设不存在三阶交互作用。

```
> mytable <- xtabs(~treatment+sex+improved, data = arthritis)
> mantelhaen.test(mytable)

	Mantel-Haenszel chi-squared test with continuity correction

data:  mytable
Mantel-Haenszel X-squared = 2.0863, df = 1, p-value = 0.1486
alternative hypothesis: true common odds ratio is not equal to 1
95 percent confidence interval:
 0.8566711 8.0070521
sample estimates:
common odds ratio 
         2.619048 
```

此结果表面treatment与improved在sex的每一水平下并不独立。

### 相关性的度量

如果通过独立性检验得到变量之间不独立，接下来要衡量相关性的强弱。**vcd包**中的**函数assocstats()**可以用来计算二维列联表的phi系数、列联系数、Cramer's V系数，**较大的值意味着较强的相关性**；vcd包中的**函数kappa()**可以计算混淆矩阵的Cohen's kappa值、加权的kappa值。

```
> library(grid)
> library(vcd)
> mytable <- xtabs(~Treatment+Improved, data = Arthritis)
> assocstats(mytable)
                    X^2 df  P(> X^2)
Likelihood Ratio 13.530  2 0.0011536
Pearson          13.055  2 0.0014626

Phi-Coefficient   : NA 
Contingency Coeff.: 0.367 
Cramer's V        : 0.394
```

### 将表转化为扁平格式

自定义函数：

```
table2flat <- function (mytable){
  df <- as.data.frame(mytable)
  rows <- dim(df)[1]
  cols <- dim(df)[2]
  x <- NULL
  for (i in 1:rows){
    for (j in 1:df$Freq[i]){
      row <- df[i, 1:cols-1]
      x <- rbind(x, row)
    }
  }
  row.names(x) <- 1:dim(x)[1]
  return(x)
}
```

## 相关

### 相关的类型

#### Pearson、Spearman和Kendall相关系数cor()

**pearson积差相关系数**衡量了两个变量之间的**线性**相关程度；**Spearman等级相关系数**衡量**分级定序变量**之间的相关程度（**可以衡量非线性**）；**Kendall's Tau相关系数**是一种**非参数**的**等级**相关度量。可以使用**函数cor()**计算这**三种相关系数**、**函数cov()**可以计算**协方差**，简化格式：

```
var(x, y = NULL, na.rm = FALSE, use)

cov(x, y = NULL, use = "everything", method = c("pearson", "kendall", "spearman")) # 协方差

cor(x, y = NULL, use = "everything", method = c("pearson", "kendall", "spearman")) # 相关系数
```

参数：

- **x**：一个数值向量、矩阵或数据框
- **y**：NULL(默认值)或一个与x兼容的向量、矩阵或数据框；默认值相当于y=x(但效率更高)
- **na.rm**：逻辑值；表示缺失的数值是否应该删除
- **use**：指定缺失数据的处理方式。可选的方式有：
  - all.obs：假设不存在缺失数据，遇到缺失数据时**报错**
  - everything：遇到缺失数据时，相关系数的计算结果将被**设为NA**
  - complete.obs：**行删除**
  - pairwise.complete.obs：**成对删除**，pairwise delete；注意：对于函数cov()和函数var()，"pairwise.complete.obs "只适用于 "pearson "方法
- **method**：指定相关系数或协方差的类型。可选类型为pearson（默认）、spearman、kendall

示例：

```
> mystates <- state.x77[, 1:6] # R自带数据
> cov(mystates) # 协方差
              Population      Income   Illiteracy     Life Exp      Murder      HS Grad
Population 19931683.7588 571229.7796  292.8679592 -407.8424612 5663.523714 -3551.509551
Income       571229.7796 377573.3061 -163.7020408  280.6631837 -521.894286  3076.768980
Illiteracy      292.8680   -163.7020    0.3715306   -0.4815122    1.581776    -3.235469
Life Exp       -407.8425    280.6632   -0.4815122    1.8020204   -3.869480     6.312685
Murder         5663.5237   -521.8943    1.5817755   -3.8694804   13.627465   -14.549616
HS Grad       -3551.5096   3076.7690   -3.2354694    6.3126849  -14.549616    65.237894
> cor(mystates) # 默认 Pearson积差相关系数
            Population     Income Illiteracy    Life Exp     Murder     HS Grad
Population  1.00000000  0.2082276  0.1076224 -0.06805195  0.3436428 -0.09848975
Income      0.20822756  1.0000000 -0.4370752  0.34025534 -0.2300776  0.61993232
Illiteracy  0.10762237 -0.4370752  1.0000000 -0.58847793  0.7029752 -0.65718861
Life Exp   -0.06805195  0.3402553 -0.5884779  1.00000000 -0.7808458  0.58221620
Murder      0.34364275 -0.2300776  0.7029752 -0.78084575  1.0000000 -0.48797102
HS Grad    -0.09848975  0.6199323 -0.6571886  0.58221620 -0.4879710  1.00000000
> cor(mystates, method = "spearman") # Spearman等级相关系数
           Population     Income Illiteracy   Life Exp     Murder    HS Grad
Population  1.0000000  0.1246098  0.3130496 -0.1040171  0.3457401 -0.3833649
Income      0.1246098  1.0000000 -0.3145948  0.3241050 -0.2174623  0.5104809
Illiteracy  0.3130496 -0.3145948  1.0000000 -0.5553735  0.6723592 -0.6545396
Life Exp   -0.1040171  0.3241050 -0.5553735  1.0000000 -0.7802406  0.5239410
Murder      0.3457401 -0.2174623  0.6723592 -0.7802406  1.0000000 -0.4367330
HS Grad    -0.3833649  0.5104809 -0.6545396  0.5239410 -0.4367330  1.0000000
> x <- mystates[, c('Population', "Income", "Illiteracy", "HS Grad")]
> y <- mystates[, c("Life Exp", "Murder")]
> cor(x, y) # 一组变量和另一组变量的相关性
              Life Exp     Murder
Population -0.06805195  0.3436428
Income      0.34025534 -0.2300776
Illiteracy -0.58847793  0.7029752
HS Grad     0.58221620 -0.4879710
```

#### 偏相关pcor()

偏相关是指在控制一个或多个变量时，另外两个变量之间的相关关系。可以使用**ggm包**中的**函数pcor()**计算偏相关系数。格式：

```
pcor(u, S)
```

参数说明：

- **u**：一个长度**大于1（>=2）**的整数向量；**前两个整数**是必须计算相关系数的变量下标，其余的数值是条件变量（要排除影响大的变量）的下标。
- **S**：变量的协方差阵（对称正定矩阵）

示例：

```
> library("ggm")
Warning: 程辑包‘ggm’是用R版本3.6.3 来建造的
> colnames(mystates) # 获取数据的变量名
[1] "Population" "Income"     "Illiteracy" "Life Exp"   "Murder"     "HS Grad"  
> # 在控制第2 3 6个变量的条件下 计算第1个变量Population和第5个变量Murder的偏相关系数
> pcor(c(1,5, 2,3,6), cov(mystates)) 
[1] 0.3462724
```

#### 其它类型的相关hetcor()

**polycor包**中**函数hetcor()**可以计算一种**混合的相关矩阵**，其中包括数值型变量的**Pearson积差相关系数**、数值型变量和有序型变量之间的**多系列(polyserial)相关系数**、有序变量之间的**多分格(polychoric)相关系数**、二分变量之间的**四分相关系数**。多系列、多分格、四分相关系数都**假设**有序变量或二分变量**由潜在的正态分布导出**。

### 相关性的显著性检验cor.test()、corr.test()、pcor.test()

原假设为变量间不相关（即总体相关系数为0）

```
cor.test(x, ...)

## Default S3 method:默认S3模型
cor.test(x, y,
         alternative = c("two.sided", "less", "greater"),
         method = c("pearson", "kendall", "spearman"),
         exact = NULL, conf.level = 0.95, continuity = FALSE, ...)

## S3 method for class 'formula'
cor.test(formula, data, subset, na.action, ...)
```

参数说明：

- x、y：要检验相关性的数值型变量，且x和y必须具有相同的长度
- alternative：指定进行双侧检验、单侧检验；**备择假设**总体相关系数大于0时使用"greater"，总体相关系数小于0时使用"less "，默认使用"two.sided"(总体相关系数不为0)
- method：指定要计算的**相关类型**
- exact：一个逻辑，表示是否应该计算**精确的p值**，用于Kendall's tau和Spearman's rho
- conf.level：置信区间的置信度；目前只用于**Pearson积差相关系数**，如果至少有4对完整的观测值
- continuity：逻辑：若为真，当Kendall's tau和Spearman's rho计算不准确时，会使用连续性**修正**
- formula：~ u + v的公式，其中u和v都是数字变量，给出一个样本的数据值。样本的长度必须相同
- data：一个可选的矩阵或数据框架，包含公式公式中的变量。默认情况下，变量来自环境(公式)
- subset：一个可选的向量，指定要使用的**观测值子集**
- na.action：一个函数，用于指示当数据**包含NA时**应该发生什么。默认值为getOption("na.action")。

注意：

​		如果方法是 "pearson"，检验统计量基于Pearson的积矩相关系数cor(x，y)，如果样本遵循**独立的正态分布**，则遵循长度(x)-2自由度的t分布。如果至少有4对完整的观测值，则根据Fisher的Z变换给出渐进置信区间。
​		如果方法是 "Kendall "或 "Spearman"，则使用Kendall's tau或Spearman's rho统计量来估计**基于等级**的关联度量。如果**数据不一定来自双变量正态分布**，可以使用这些检验。
​		对于Kendall's检验，默认情况下（如果exact为NULL），如果包含有限值的配对**样本少于50个**，并且没有联系，则计算一个精确的p值。**否则**，检验统计量是估计值，按零均值和单位方差缩放，并近似正态分布。
​		对于Spearman's检验，对于**n<1290**的情况，使用AS 89算法计算p值，exact=TRUE，**否则**通过渐近的t近似计算。请注意，这些都是对n<10的 "精确"，并且对更大的样本量使用Edgeworth数列近似（截止值与原论文相比有所改变）。

示例：

```
> cor.test(mystates[,3], mystates[,5], alternative = "greater")

	Pearson's product-moment correlation

data:  mystates[, 3] and mystates[, 5]
t = 6.8479, df = 48, p-value = 6.29e-09
alternative hypothesis: true correlation is greater than 0
95 percent confidence interval:
 0.5602735 1.0000000
sample estimates:
      cor 
0.7029752
```

上述代码**原假设**：总体相关系数为0；由于p值p-value = 6.29e-09<1-conf.level=1-0.95=0.05，故**拒绝原假设**。

注意：函数cor.test()一次只能检验一种相关关系。而包psych中提供的函数corr.test()可以一次检验多个变量。

### 其他显著性检验

